Number conversion data:
Entry                Cnvtyp Numtyp Rou Tardest Pre                  Trc Newtyp Cont Bcap Hlc 
028110101            0      0      1           6434                 9                        
028110101            0      1      1           6434                 9                        
028110101            0      2      1           6434                 9                        
028110101            0      4      1           6434                 9                        
028112040            0      0      1           6436                 9                        
028112040            0      1      1           6436                 9                        
028112040            0      2      1           6436                 9                        
028112040            0      4      1           6436                 9                        
059113545            0      0      1           6435                 9                        
059113545            0      1      1           6435                 9                        
059113545            0      2      1           6435                 9                        
059113545            0      4      1           6435                 9                        
2040                 0      0      1           6436                 4                        
2040                 0      1      1           6436                 4                        
2040                 0      2      1           6436                 4                        
2040                 0      4      1           6436                 4                        
3440                 0      0      1           9100                 4                        
3440                 0      1      1           9100                 4                        
3440                 0      2      1           9100                 4                        
3440                 0      4      1           9100                 4                        
3441                 0      0      1           6498                 4                        
3441                 0      1      1           6498                 4                        
3441                 0      2      1           6498                 4                        
3441                 0      4      1           6498                 4                        
3442                 0      0      1           9100                 4                        
3442                 0      1      1           9100                 4                        
3442                 0      2      1           9100                 4                        
3442                 0      4      1           9100                 4                        
3443                 0      0      1           9100                 4                        
3443                 0      1      1           9100                 4                        
3443                 0      2      1           9100                 4                        
3443                 0      4      1           9100                 4                        
3444                 0      0      1           9220                 4                        
3444                 0      1      1           9220                 4                        
3444                 0      2      1           9220                 4                        
3444                 0      4      1           9220                 4                        
3445                 0      0      1           9100                 4                        
3445                 0      1      1           9100                 4                        
3445                 0      2      1           9100                 4                        
3445                 0      4      1           9100                 4                        
3446                 0      0      1           9100                 4                        
3446                 0      1      1           9100                 4                        
3446                 0      2      1           9100                 4                        
3446                 0      4      1           9100                 4                        
3447                 0      0      1           9100                 4                        
3447                 0      1      1           9100                 4                        
3447                 0      2      1           9100                 4                        
3447                 0      4      1           9100                 4                        
3448                 0      0      1           9100                 4                        
3448                 0      1      1           9100                 4                        
3448                 0      2      1           9100                 4                        
3448                 0      4      1           9100                 4                        
3449                 0      0      1           9210                 4                        
3449                 0      1      1           9210                 4                        
3449                 0      2      1           9210                 4                        
3449                 0      4      1           9210                 4                        
3450                 0      0      1           9100                 4                        
3450                 0      1      1           9100                 4                        
3450                 0      2      1           9100                 4                        
3450                 0      4      1           9100                 4                        
3452                 0      0      1           9100                 4                        
3452                 0      1      1           9100                 4                        
3452                 0      2      1           9100                 4                        
3452                 0      4      1           9100                 4                        
3453                 0      0      1           9100                 4                        
3453                 0      1      1           9100                 4                        
3453                 0      2      1           9100                 4                        
3453                 0      4      1           9100                 4                        
3457                 0      0      1           9100                 4                        
3457                 0      1      1           9100                 4                        
3457                 0      2      1           9100                 4                        
3457                 0      4      1           9100                 4                        
3458                 0      0      1           9100                 4                        
3458                 0      1      1           9100                 4                        
3458                 0      2      1           9100                 4                        
3458                 0      4      1           9100                 4                        
3459                 0      0      1           9100                 4                        
3459                 0      1      1           9100                 4                        
3459                 0      2      1           9100                 4                        
3459                 0      4      1           9100                 4                        
4160                 0      0      1           6436                 4                        
4160                 0      1      1           6436                 4                        
4160                 0      2      1           6436                 4                        
4160                 0      4      1           6436                 4                        
4163                 0      0      1           9179                 4                        
4163                 0      1      1           9179                 4                        
4163                 0      2      1           9179                 4                        
4163                 0      4      1           9179                 4                        
4164                 0      0      1           9178                 4                        
4164                 0      1      1           9178                 4                        
4164                 0      2      1           9178                 4                        
4164                 0      4      1           9178                 4                        
4165                 0      0      1           9190                 4                        
4165                 0      1      1           9190                 4                        
4165                 0      2      1           9190                 4                        
4165                 0      4      1           9190                 4                        
5500                 0      0      1           6436                 4                        
5500                 0      1      1           6436                 4                        
5500                 0      2      1           6436                 4                        
5500                 0      4      1           6436                 4                        
5511                 0      0      1           9160                 4                        
5511                 0      1      1           9160                 4                        
5511                 0      2      1           9160                 4                        
5511                 0      4      1           9160                 4                        
5512                 0      0      1           9165                 4                        
5512                 0      1      1           9165                 4                        
5512                 0      2      1           9165                 4                        
5512                 0      4      1           9165                 4                        
5515                 0      0      1           9157                 4                        
5515                 0      1      1           9157                 4                        
5515                 0      2      1           9157                 4                        
5515                 0      4      1           9157                 4                        
5516                 0      0      1           9159                 4                        
5516                 0      1      1           9159                 4                        
5516                 0      2      1           9159                 4                        
5516                 0      4      1           9159                 4                        
5518                 0      0      1           6424                 4                        
5518                 0      1      1           6424                 4                        
5518                 0      2      1           6424                 4                        
5518                 0      4      1           6424                 4                        
5519                 0      0      1           9162                 4                        
5519                 0      1      1           9162                 4                        
5519                 0      2      1           9162                 4                        
5519                 0      4      1           9162                 4                        
5521                 0      0      1           9116                 4                        
5521                 0      1      1           9116                 4                        
5521                 0      2      1           9116                 4                        
5521                 0      4      1           9116                 4                        
5522                 0      0      1           9114                 4                        
5522                 0      1      1           9114                 4                        
5522                 0      2      1           9114                 4                        
5522                 0      4      1           9114                 4                        
5523                 0      0      1           9113                 4                        
5523                 0      1      1           9113                 4                        
5523                 0      2      1           9113                 4                        
5523                 0      4      1           9113                 4                        
5524                 0      0      1           9111                 4                        
5524                 0      1      1           9111                 4                        
5524                 0      2      1           9111                 4                        
5524                 0      4      1           9111                 4                        
5525                 0      0      1           9120                 4                        
5525                 0      1      1           9120                 4                        
5525                 0      2      1           9120                 4                        
5525                 0      4      1           9120                 4                        
5526                 0      0      1           9110                 4                        
5526                 0      1      1           9110                 4                        
5526                 0      2      1           9110                 4                        
5526                 0      4      1           9110                 4                        
5527                 0      0      1           9137                 4                        
5527                 0      1      1           9137                 4                        
5527                 0      2      1           9137                 4                        
5527                 0      4      1           9137                 4                        
5528                 0      0      1           9112                 4                        
5528                 0      1      1           9112                 4                        
5528                 0      2      1           9112                 4                        
5528                 0      4      1           9112                 4                        
5529                 0      0      1           9122                 4                        
5529                 0      1      1           9122                 4                        
5529                 0      2      1           9122                 4                        
5529                 0      4      1           9122                 4                        
5533                 0      0      1           9163                 4                        
5533                 0      1      1           9163                 4                        
5533                 0      2      1           9163                 4                        
5533                 0      4      1           9163                 4                        
5539                 0      0      1           9123                 4                        
5539                 0      1      1           9123                 4                        
5539                 0      2      1           9123                 4                        
5539                 0      4      1           9123                 4                        
5540                 0      0      1           9154                 4                        
5540                 0      1      1           9154                 4                        
5540                 0      2      1           9154                 4                        
5540                 0      4      1           9154                 4                        
5541                 0      0      1           9135                 4                        
5541                 0      1      1           9135                 4                        
5541                 0      2      1           9135                 4                        
5541                 0      4      1           9135                 4                        
5544                 0      1      1           6424                 4                        
5544                 0      2      1           6424                 4                        
5544                 0      4      1           6424                 4                        
5544                 0      0      1           6424                 4                        
5545                 0      0      1           9155                 4                        
5545                 0      1      1           9155                 4                        
5545                 0      2      1           9155                 4                        
5545                 0      4      1           9155                 4                        
5548                 0      1      1           6424                 4                        
5548                 0      2      1           6424                 4                        
5548                 0      4      1           6424                 4                        
5548                 0      0      1           6424                 4                        
5550                 0      0      1           9150                 4                        
5550                 0      1      1           9150                 4                        
5550                 0      2      1           9150                 4                        
5550                 0      4      1           9150                 4                        
5552                 0      1      1           6424                 4                        
5552                 0      2      1           6424                 4                        
5552                 0      4      1           6424                 4                        
5552                 0      0      1           6424                 4                        
5553                 0      0      1           9164                 4                        
5553                 0      1      1           9164                 4                        
5553                 0      2      1           9164                 4                        
5553                 0      4      1           9164                 4                        
5554                 0      0      1           9167                 4                        
5554                 0      1      1           9167                 4                        
5554                 0      2      1           9167                 4                        
5554                 0      4      1           9167                 4                        
5590                 0      0      1           9192                 4                        
5590                 0      1      1           9192                 4                        
5590                 0      2      1           9192                 4                        
5590                 0      4      1           9192                 4                        
5591                 0      0      1           9190                 4                        
5591                 0      1      1           9190                 4                        
5591                 0      2      1           9190                 4                        
5591                 0      4      1           9190                 4                        
5592                 0      0      1           9189                 4                        
5592                 0      1      1           9189                 4                        
5592                 0      2      1           9189                 4                        
5592                 0      4      1           9189                 4                        
5593                 0      0      1           9196                 4                        
5593                 0      1      1           9196                 4                        
5593                 0      2      1           9196                 4                        
5593                 0      4      1           9196                 4                        
5594                 0      0      1           9194                 4                        
5594                 0      1      1           9194                 4                        
5594                 0      2      1           9194                 4                        
5594                 0      4      1           9194                 4                        
5595                 0      0      1           9182                 4                        
5595                 0      1      1           9182                 4                        
5595                 0      2      1           9182                 4                        
5595                 0      4      1           9182                 4                        
5596                 0      0      1           9181                 4                        
5596                 0      1      1           9181                 4                        
5596                 0      2      1           9181                 4                        
5596                 0      4      1           9181                 4                        
5598                 0      0      1           9197                 4                        
5598                 0      1      1           9197                 4                        
5598                 0      2      1           9197                 4                        
5598                 0      4      1           9197                 4                        
8400                 0      0      70          8400                 4                        
840840               0      0      70          840                  6                        
8441                 0      0      70          844001               4                        
8442                 0      0      70          844002               4                        
8443                 0      0      70          844003               4                        
84440                0      0      70          844004               4                        
84441                0      0      70          844004               4                        
84442                0      0      70          844004               4                        
84443                0      0      70          844004               4                        
84444                0      0      70          844004               4                        
84445                0      0      70          844004               4                        
84446                0      0      70          8440                 5                        
84447                0      0      70          844004               4                        
84448                0      0      70          844004               4                        
84449                0      0      70          844004               4                        
8445                 0      0      70          844005               4                        
8446                 0      0      70          844006               4                        
8447                 0      0      70          844007               4                        
8448                 0      0      70          844008               4                        
8449                 0      0      70          844009               4                        
84501                0      0      70          01                   5                        
84502                0      0      70          02                   5                        
84503                0      0      70          03                   5                        
84504                0      0      70          04                   5                        
84505                0      0      70          05                   5                        
84506                0      0      70          06                   5                        
84507                0      0      70          07                   5                        
84508                0      0      70          08                   5                        
84509                0      0      70          09                   5                        
8451                 0      0      70                               3                        
8452                 0      0      70                               3                        
8453                 0      0      70                               3                        
8454                 0      0      70                               3                        
8455                 0      0      70                               3                        
8456                 0      0      70                               3                        
8457                 0      0      70                               3                        
8458                 0      0      70                               3                        
8459                 0      0      70                               3                        
8461                 0      0      70          00                   4                        
8462                 0      0      70          00                   4                        
8463                 0      0      70          00                   4                        
84640                0      0      70          00                   4                        
84641                0      0      70          00                   4                        
84642                0      0      70          00                   4                        
84643                0      0      70          00                   4                        
84644                0      0      70          00                   4                        
84645                0      0      70          00                   4                        
84646                0      0      70          0                    5                        
84647                0      0      70          00                   4                        
84648                0      0      70          00                   4                        
84649                0      0      70          00                   4                        
8465                 0      0      70          00                   4                        
8466                 0      0      70          00                   4                        
8467                 0      0      70          00                   4                        
8468                 0      0      70          00                   4                        
8469                 0      0      70          00                   4                        
8742                 0      0      1           9552                 4                        
8742                 0      1      1           9552                 4                        
8742                 0      2      1           9552                 4                        
8742                 0      4      1           9552                 4                        
8744                 0      0      1           9553                 4                        
8744                 0      1      1           9553                 4                        
8744                 0      2      1           9553                 4                        
8744                 0      4      1           9553                 4                        
8745                 0      0      1           9554                 4                        
8745                 0      1      1           9554                 4                        
8745                 0      2      1           9554                 4                        
8745                 0      4      1           9554                 4                        
9104                 0      0      1           9189                 4                        
9104                 0      4      1           9189                 4                        
9104                 0      1      1           9189                 4                        
9104                 0      2      1           9189                 4                        
98                   0      0      1           9800                 4                        
98                   0      1      1           9800                 4                        
98                   0      2      1           9800                 4                        
98                   0      4      1           9800                 4                        
1                    1      1      10          00                                            
1                    1      0      10          0                                             
1                    1      2      10  9220    0                                             
1                    1      0      10  9220    0                                             
1                    1      1      10  9220    0                                             
1                    1      0      10  9190    0                                             
2                    1      1      10          00                                            
2                    1      0      10          0                                             
2                    1      2      10  9220    0                                             
2                    1      0      10  9220    0                                             
2                    1      1      10  9220    0                                             
3                    1      1      10          00                                            
3                    1      0      10          0                                             
3                    1      2      10  9220    0                                             
3                    1      0      10  9220    0                                             
3                    1      1      10  9220    0                                             
4                    1      1      10          00                                            
4                    1      0      10          0                                             
4                    1      2      10  9220    0                                             
4                    1      0      10  9220    0                                             
4                    1      1      10  9220    0                                             
5                    1      1      10          00                                            
5                    1      0      10          0                                             
5                    1      2      10  9220    0                                             
5                    1      0      10  9220    0                                             
5                    1      1      10  9220    0                                             
6                    1      1      10          00                                            
6                    1      0      10          0                                             
6                    1      2      10  9220    0                                             
6                    1      0      10  9220    0                                             
6                    1      1      10  9220    0                                             
7                    1      1      10          00                                            
7                    1      0      10          0                                             
7                    1      2      10  9220    0                                             
7                    1      0      10  9220    0                                             
7                    1      1      10  9220    0                                             
8                    1      1      10          00                                            
8                    1      0      10          0                                             
8                    1      2      10  9       0                                             
8                    1      0      10  9       0                                             
8                    1      1      10  9       0                                             
8                    1      2      10  9220    0                                             
8                    1      0      10  9220    0                                             
8                    1      1      10  9220    0                                             
8                    1      0      10  9190    0                                             
8991                 1      10         3990    104719500            4                        
8991                 1      10         3995    9500                 4                        
8992                 1      10         3990    104719100            4                        
8992                 1      10         3995    9100                 4                        
8993                 1      10         3990    104719100            4                        
8993                 1      10         3995    9100                 4                        
9                    1      1      10          00                                            
9                    1      0      10          0                                             
90                   1      10         3990    10471                    2                    
91                   1      10         3990    10471                    2                    
920                  1      10         3990    10471                    2                    
9210                 1      10         3990    10471                    2                    
9211                 1      10         3995    9220                 4                        
9211                 1      10         3990    104719220            4   2                    
9212                 1      10         3995    9220                 4                        
9212                 1      10         3990    104719220            4   2                    
9213                 1      10         3990    10471                    2                    
9214                 1      10         3990    10471                    2                    
9215                 1      10         3990    10471                    2                    
9216                 1      10         3990    10471                    2                    
9217                 1      10         3990    10471                    2                    
9218                 1      10         3990    10471                    2                    
9219                 1      10         3990    10471                    2                    
9219                 1      10         3995    9220                 4                        
922                  1      10         3990    10471                    2                    
923                  1      10         3990    10471                    2                    
924                  1      10         3990    10471                    2                    
925                  1      10         3990    10471                    2                    
926                  1      10         3990    10471                    2                    
927                  1      10         3990    10471                    2                    
928                  1      10         3990    10471                    2                    
929                  1      10         3990    10471                    2                    
93                   1      10         3990    10471                    2                    
94                   1      10         3990    10471                    2                    
95                   1      10         3990    10471                    2                    
952                  1      10         3995    9520                 4                        
953                  1      10         3995    9520                 4                        
954                  1      10         3995    9520                 4                        
955                  1      10         3995    9550                 4                        
956                  1      10         3995    9550                 4                        
957                  1      10         3995    9570                 4                        
958                  1      10         3995    9570                 4                        
96                   1      10         3990    10471                    2                    
960                  1      10         3995    9600                 4                        
961                  1      10         3995    9600                 4                        
962                  1      10         3995    9620                 4                        
963                  1      10         3995    9620                 4                        
964                  1      10         3995    9620                 4                        
97                   1      10         3990    10471                    2                    
98                   1      10         3990    10471                    2                    
99                   1      10         3990    10471                    2                    
1                    2      2      1           0                                             
1                    2      1      1           00                                            
1                    2      0      1           0                                             
1                    2      2      70          0                                             
1                    2      1      70          00                                            
1                    2      0      70          0                                             
1                    2      5      10          0                                             
1                    2      2      10          0                                             
1                    2      1      10          00                                            
1                    2      0      10          0                                             
2                    2      2      1           0                                             
2                    2      1      1           00                                            
2                    2      0      1           0                                             
2                    2      2      70          0                                             
2                    2      1      70          00                                            
2                    2      0      70          0                                             
2                    2      5      10          0                                             
2                    2      2      10          0                                             
2                    2      1      10          00                                            
2                    2      0      10          0                                             
3                    2      2      1           0                                             
3                    2      1      1           00                                            
3                    2      0      1           0                                             
3                    2      2      70          0                                             
3                    2      1      70          00                                            
3                    2      0      70          0                                             
3                    2      5      10          0                                             
3                    2      2      10          0                                             
3                    2      1      10          00                                            
3                    2      0      10          0                                             
4                    2      2      1           0                                             
4                    2      1      1           00                                            
4                    2      0      1           0                                             
4                    2      2      70          0                                             
4                    2      1      70          00                                            
4                    2      0      70          0                                             
4                    2      5      10          0                                             
4                    2      2      10          0                                             
4                    2      1      10          00                                            
4                    2      0      10          0                                             
5                    2      2      1           0                                             
5                    2      1      1           00                                            
5                    2      0      1           0                                             
5                    2      2      70          0                                             
5                    2      1      70          00                                            
5                    2      0      70          0                                             
5                    2      5      10          0                                             
5                    2      2      10          0                                             
5                    2      1      10          00                                            
5                    2      0      10          0                                             
6                    2      2      1           0                                             
6                    2      1      1           00                                            
6                    2      0      1           0                                             
6                    2      2      70          0                                             
6                    2      1      70          00                                            
6                    2      0      70          0                                             
6                    2      5      10          0                                             
6                    2      2      10          0                                             
6                    2      1      10          00                                            
6                    2      0      10          0                                             
7                    2      0      1           0                                             
7                    2      1      1           00                                            
7                    2      2      1           0                                             
7                    2      0      70          0                                             
7                    2      1      70          00                                            
7                    2      2      70          0                                             
7                    2      5      10          0                                             
7                    2      2      10          0                                             
7                    2      1      10          00                                            
7                    2      0      10          0                                             
8                    2      2      1           0                                             
8                    2      1      1           00                                            
8                    2      0      1           0                                             
8                    2      2      70          0                                             
8                    2      1      70          00                                            
8                    2      0      70          0                                             
8                    2      5      10          0                                             
8                    2      2      10          0                                             
8                    2      1      10          00                                            
8                    2      0      10          0                                             
9                    2      2      1           0                                             
9                    2      0      1           0                                             
9                    2      2      70          0                                             
9                    2      0      70          0                                             
9                    2      1      1           00                                            
9                    2      1      70          00                                            
9                    2      5      10          0                                             
9                    2      2      10          0                                             
9                    2      1      10          00                                            
9                    2      0      10          0                                             
1                    4      1                  00                                            
2                    4      1                  00                                            
3                    4      1                  00                                            
4                    4      1                  00                                            
5                    4      1                  00                                            
6                    4      1                  00                                            
7                    4      1                  00                                            
8                    4      1                  00                                            
9                    4      1                  00                                            
1                    5      1      1           00                                            
1                    5      2      1           0                                             
1                    5      0      1           0                                             
1                    5      4      1           0                                             
1                    5      2                  46                       1                    
2                    5      1      1           00                                            
2                    5      2      1           0                                             
2                    5      0      1           0                                             
2                    5      4      1           0                                             
2                    5      2                  46                       1                    
3                    5      1      1           00                                            
3                    5      2      1           0                                             
3                    5      0      1           0                                             
3                    5      4      1           0                                             
3                    5      2                  46                       1                    
4                    5      1      1           00                                            
4                    5      2      1           0                                             
4                    5      0      1           0                                             
4                    5      4      1           0                                             
4                    5      2                  46                       1                    
4                    5      1                  00                                            
5                    5      1      1           00                                            
5                    5      2      1           0                                             
5                    5      0      1           0                                             
5                    5      4      1           0                                             
5                    5      2                  46                                            
6                    5      1      1           00                                            
6                    5      2      1           0                                             
6                    5      0      1           0                                             
6                    5      4      1           0                                             
6                    5      2                  46                       1                    
7                    5      1      1           00                                            
7                    5      2      1           0                                             
7                    5      0      1           0                                             
7                    5      4      1           0                                             
7                    5      2                  46                       1                    
8                    5      1      1           00                                            
8                    5      2      1           0                                             
8                    5      0      1           0                                             
8                    5      4      1           0                                             
8                    5      2                  46                       1                    
9                    5      2      1           0                                             
9                    5      1      1           00                                            
9                    5      0      1           0                                             
9                    5      4      1           0                                             
9                    5      2                  46                       1                    
01047190             6                         91                   8                        
01047191             6                         91                   8                        
01047192             6                         92                   8                        
01047193             6                         93                   8                        
01047194             6                         94                   8                        
01047195             6                         95                   8                        
01047196             6                         96                   8                        
01047197             6                         97                   8                        
01047198             6                         98                   8                        
01047199             6                         99                   8                        
0702315630           6                         9524                 10                       
0702348656           6                         9172                 10                       
0702472040           6                         9136                 10                       
0702582746           6                         9605                 10                       
0702937088           6                         9188                 10                       
0703183510           6                         9210                 10                       
0703215222           6                         9528                 10                       
0703334249           6                         9501                 10                       
0703631713           6                         9601                 10                       
0703736058           6                         9135                 10                       
0703870512           6                         9133                 10                       
0705081532           6                         9150                 10                       
0705086711           6                         9153                 10                       
0705175526           6                         9110                 10                       
0705303235           6                         9199                 10                       
0705319866           6                         9215                 10                       
0705326251           6                         9125                 10                       
0705501972           6                         9661                 10                       
0705502934           6                         9662                 10                       
0705540425           6                         9120                 10                       
0705590730           6                         9529                 10                       
0705748971           6                         9180                 10                       
0705841955           6                         9187                 10                       
0705912857           6                         9196                 10                       
0706042405           6                         9123                 10                       
0706124222           6                         9134                 10                       
0706250483           6                         9174                 10                       
0706250487           6                         9173                 10                       
0706469814           6                         9621                 10                       
0706698825           6                         9572                 10                       
0706839528           6                         9521                 10                       
0708583965           6                         9160                 10                       
0708584442           6                         9122                 10                       
0708755056           6                         9115                 10                       
0709284393           6                         9171                 10                       
0722011580           6                         9627                 10                       
0722071830           6                         9630                 10                       
0722083550           6                         9149                 10                       
0722126726           6                         9167                 10                       
0722161665           6                         9557                 10                       
0722216999           6                         9148                 10                       
0722236068           6                         9117                 10                       
0722275558           6                         9130                 10                       
0725245875           6                         9132                 10                       
0725403092           6                         9299                 10                       
0727203190           6                         9558                 10                       
0727203553           6                         9522                 10                       
0727203554           6                         9523                 10                       
0727203556           6                         9525                 10                       
0727203557           6                         9526                 10                       
0727203558           6                         9527                 10                       
0727203559           6                         9530                 10                       
0727203560           6                         9552                 10                       
0727203561           6                         9553                 10                       
0727203562           6                         9554                 10                       
0727203563           6                         9555                 10                       
0727203564           6                         9571                 10                       
0727203566           6                         9573                 10                       
0727203567           6                         9574                 10                       
0727203568           6                         9575                 10                       
0727203569           6                         9576                 10                       
0727203570           6                         9602                 10                       
0727203571           6                         9603                 10                       
0727203572           6                         9604                 10                       
0727203573           6                         9606                 10                       
0727203574           6                         9622                 10                       
0727203575           6                         9629                 10                       
0727203576           6                         9624                 10                       
0727203577           6                         9625                 10                       
0727203578           6                         9626                 10                       
0727203580           6                         9628                 10                       
0727203591           6                         9531                 10                       
0727203596           6                         9532                 10                       
0730205863           6                         9220                 10                       
0730303313           6                         9131                 10                       
0730582040           6                         9198                 10                       
0730975935           6                         9599                 10                       
0734427003           6                         9191                 10                       
0736556589           6                         9121                 10                       
0761074498           6                         9194                 10                       
0768444160           6                         9178                 10                       
1047190              6                         91                   7                        
1047191              6                         91                   7                        
1047192              6                         92                   7                        
1047193              6                         93                   7                        
1047194              6                         94                   7                        
1047195              6                         95                   7                        
1047196              6                         96                   7                        
1047197              6                         97                   7                        
1047198              6                         98                   7                        
1047199              6                         99                   7                        
39910703631713       6                         9751                 14                       
39910705303235       6                         9333                 14                       
39910727203564       6                         9755                 14                       
730205863            6                         9219                 9                        
