COMMON ABBREVIATED DIALLING FACILITY DATA
ABB                TRA                         CLASS   NPRES   CUST
112                3999112                     0123    0       
11414              399911414                   0123    0       
1177               39991177                    0123    0       
118                3995118                     0123    0       
3800               028112020                   0123    0       
3807               028171030                   0123    0       
3808               00441636672532              0123    0       
3810               048115013                   0123    0       
3811               045645548                   0123    0       
3812               031682975                   0123    0       
3813               087530084                   0123    0       
3814               027113313                   0123    0       
3815               0317330500                  0123    0       
3816               047148050                   0123    0       
3817               047148100                   0123    0       
3818               056530905                   0123    0       
3819               042329990                   0123    0       
3820               060539642                   0123    0       
3821               087049548                   0123    0       
3822               0370301750                  0123    0       
3823               025010346                   0123    0       
3824               087562349                   0123    0       
3826               0280593015                  0123    0       
3827               028034000                   0123    0       
3828               019256620                   0123    0       
3829               092014600                   0123    0       
3830               031856000                   0123    0       
3831               090171400                   0123    0       
3833               087778847                   0123    0       
3834               084299770                   0123    0       
3835               0317707030                  0123    0       
3836               0317115897                  0123    0       
3838               017522979                   0123    0       
3840               086058290                   0123    0       
3841               031505500                   0123    0       
3842               004762344785                0123    0       
3843               004762949250                0123    0       
3847               004761258680                0123    0       
3850               004548475171                0123    0       
3851               004544924100                0123    0       
3852               004574526352                0123    0       
3853               004543500344                0123    0       
3854               004570108787                0123    0       
3855               004589343434                0123    0       
3856               004545664533                0123    0       
3858               0049451498990               0123    0       
3859               0049421329050               0123    0       
3860               00494212068613              0123    0       
3861               0049831522500               0123    0       
3862               0049526193920               0123    0       
3864               00494185797911              0123    0       
3866               004951755654                0123    0       
3868               0031475350022               0123    0       
3869               00441535606068              0123    0       
3870               00441622664973              0123    0       
3871               00441912321388              0123    0       
3872               00441798815906              0123    0       
3873               00441937579840              0123    0       
3874               00441763247775              0123    0       
3875               00441543252451              0123    0       
3876               00441954719922              0123    0       
3877               00441279777054              0123    0       
3878               028112044                   0123    0       
7100               A23A0B                      0123    0       
7101               A23A1B                      0123    0       
7102               A23A2B                      0123    0       
7103               A23A3B                      0123    0       
7104               A23A4B                      0123    0       
7105               A23A5B                      0123    0       
7106               A23A6B                      0123    0       
7107               A23A7B                      0123    0       
7108               A23A8B                      0123    0       
7109               A23A9B                      0123    0       
7110               B23B                        0123    0       
901                0280901                     0123    0       
902                0280902                     0123    0       
903                0280903                     0123    0       
904                0280904                     0123    0       
905                0280905                     0123    0       
9334               39910725403092              0123    0       

END
 
