APPLICATION SYSTEM PARAMETERS
PARNUM     PARVAL
     1          1
     2         30
     4         30
     5         30
     6        120
     7        120
     8          1
     9         60
    10         30
    11         30
    12         30
    13         30
    14         60
    15         60
    16       2000
    17        150
    18         80
    19          5
    20          6
    21          4
    22          3
    23          8
    24          7
    25          2
    26          1
    29          8
    30          0
    31       1800
    32          1
    33          1
    34          1
    35          0
    36          1
    37         30
    38        120
    39         60
    40        120
    41        180
    42         60
    43          1
    44          1
    45         90
    49          4
    51         60
    52          0
    53          0
    54          2
    56          9
    57          0
    61         90
    62          1
    63          0
    64          0
    66          1
    67          0
    68          1
    69          1
    70         60
    71         10
    72         60
    73          3
    74          0
    75          1
    76          0
    77          1
    78          1
    79          1
    80          2
    81          0
    82          0
    83          0
    84          0
    85          0
    86          0
    87          0
    88          0
    89        600
    90          8
    91         30
    93          0
    95          0
    97          0
    98          1
    99          1
   100          7
   101          1
   102          1
   103          0
   104          1
   105          1
   106          0
   107          8
   111          1
   113          0
   114          0
   115          0
   116          0
   118          0
   120          1
   123          1
   124         BB
   125       3600
   126       3660
   127       7200
   128       7260
   130          0
   132          6
   134          1
   135          0
   137          1
   138          5
   139          0
   140          0
   141          0
   142          0
   143          0
   145          0
   146          0
   147          0
   150          0
   151          0
   153          4
   154          2
   155         70
   156          0
   158          0
   159          0
   161       8189
   162          0
   163          0
   164          0
   165         20
   167          1
   169         10
   170          0
   171          5
   172          0
   173          0
   174          0
   175          1
   176          0
   177          0
   178          0
   179          1
   180          0
   182          4
   183          1
   184          0
   185        999
   186          0
   187          0
   188         33
   189          0
   190          0
   192          0
   194          8
   195         99
   196          0
   197          1
   198          0
   200          0
   201          0
   217         15
   219          0
   222          0
   223          0
   231          0
   232          0
   234          0
   236          0
   239        119
   249          0
   251          3
   252         37
   253          0
   254          0
END
