customer  dir          auth code             cil code              CSP  CAT  restr  new customer
========  ===========  ====================  ====================  ===  ===  =====  ============
       0         8930                  9399                  9399   22           -              
       0         8931                  9399                  9399   22           -              
       0         8932                  9399                  9399   22           -              
       0         8933                  9399                  9399   22           -              
       0         8934                  9399                  9399   22           -              
       0         8935                  9399                  9399   22           -              
       0         8936                  9399                  9399   22           -              
       0         8937                  9399                  9399   22           -              
       0         8938                  9399                  9399   22           -              
       0         8939                  9399                  9399   22           -              
       0         8940                  9399                  9399   22           -              
       0         8941                  9399                  9399   22           -              
       0         9199                  9199                  9199    0           -              
       0         9299                  9299                  9299    0           -              
       0         9189                  9189                  9189    0           -             1
       0         9130                  9130                  9130    0           -             1
       0         9599                  9599                  9599    0           -             1
       0         9601                  9601                  9601    0           -             1
       0         9621                  9621                  9621    0           -             1
       0         9571                  9571                  9571    0           -             1
       0         9552                  9552                  9552    0           -             1
       0         9521                  9521                  9521    0           -             1
       0         9574                  9574                  9574    0           -             1
       0         9135                  9135                  9135    0           -             2
       0         9134                  9134                  9134    0           -             2
       0         9133                  9133                  9133    0           -             2
       0         9131                  9131                  9131    0           -             2
       0         9136                  9136                  9136    0           -             2
       0         9137                  9137                  9137    0           -             2
       0         9522                  9522                  9522    0           -             1
       0         9523                  9523                  9523    0           -             1
       0         9525                  9525                  9525    0           -             1
       0         9526                  9526                  9526    0           -             1
       0         9527                  9527                  9527    0           -             1
       0         9528                  9528                  9528    0           -             1
       0         9529                  9529                  9529    0           -             1
       0         9530                  9530                  9530    0           -             1
       0         9532                  9532                  9532    0           -             1
       0         9531                  9531                  9531    0           -             1
       0         9553                  9553                  9553    0           -             1
       0         9554                  9554                  9554    0           -             1
       0         9555                  9555                  9555    0           -             1
       0         9557                  9557                  9557    0           -             1
       0         9558                  9558                  9558    0           -             1
       0         9572                  9572                  9572    0           -             1
       0         9573                  9573                  9573    0           -             1
       0         9575                  9575                  9575    0           -             1
       0         9576                  9576                  9576    0           -             1
       0         9602                  9602                  9602    0           -             1
       0         9603                  9603                  9603    0           -             1
       0         9604                  9604                  9604    0           -             1
       0         9605                  9605                  9605    0           -             1
       0         9606                  9606                  9606    0           -             1
       0         9624                  9624                  9624    0           -             1
       0         9626                  9626                  9626    0           -             1
       0         9628                  9628                  9628    0           -             1
       0         9629                  9629                  9629    0           -             1
       0         9630                  9630                  9630    0           -             1
       0         9191                  9191                  9191    3           -             1
       0         9661                  9661                  9661    0           -             1
       0         9219                  9219                  9219    0           -             2
       0         9132                  9132                  9132    0           -             2
       0         9662                  9662                  9662    0           -             1
       0         9506                  9506                  9506    0           -             1
       0         9507                  9507                  9507    0           -             1

