
Call List Profile Information
Dir          Npres   Serv   
6424         20      00     
6498         20      00     
6499         20      00     
9110         20      00     
9111         20      00     
9113         20      00     
9114         20      00     
9115         20      00     
9116         20      00     
9117         20      00     
9120         20      00     
9121         20      00     
9122         20      00     
9123         20      00     
9124         20      00     
9125         20      00     
9130         20      00     
9131         20      00     
9132         20      00     
9133         20      00     
9134         20      00     
9135         20      00     
9136         20      00     
9137         20      00     
9148         20      00     
9149         20      00     
9150         20      00     
9152         20      00     
9153         20      00     
9154         20      00     
9155         20      00     
9156         20      00     
9157         20      00     
9158         20      00     
9159         20      00     
9160         20      00     
9161         20      00     
9162         20      00     
9163         20      00     
9164         20      00     
9165         20      00     
9166         20      00     
9167         20      00     
9168         20      00     
9169         20      00     
9170         20      00     
9171         20      00     
9172         20      00     
9173         20      00     
9174         20      00     
9175         20      00     
9176         20      00     
9178         20      00     
9179         20      00     
9180         20      00     
9181         20      00     
9182         20      00     
9183         20      00     
9184         20      00     
9187         20      00     
9188         20      00     
9189         20      00     
9192         20      00     
9193         20      00     
9194         20      00     
9195         20      00     
9196         20      00     
9198         20      00     
9199         20      00     
9210         20      00     
9211         20      00     
9212         20      00     
9213         20      00     
9214         20      00     
9215         20      00     
9219         20      00     
9299         20      00     
9333         20      00     
9451         20      00     
9501         20      00     
9505         20      00     
9506         20      00     
9507         20      00     
9508         20      00     
9521         20      00     
9522         20      00     
9523         20      00     
9524         20      00     
9525         20      00     
9526         20      00     
9527         20      00     
9528         20      00     
9529         20      00     
9530         20      00     
9531         20      00     
9532         20      00     
9548         20      00     
9549         20      00     
9552         20      00     
9553         20      00     
9554         20      00     
9555         20      00     
9556         20      00     
9557         20      00     
9558         20      00     
9569         20      00     
9571         20      00     
9572         20      00     
9573         20      00     
9574         20      00     
9575         20      00     
9576         20      00     
9587         20      00     
9588         20      00     
9589         20      00     
9599         20      00     
9601         20      00     
9602         20      00     
9603         20      00     
9604         20      00     
9605         20      00     
9606         20      00     
9618         20      00     
9619         20      00     
9621         20      00     
9622         20      00     
9624         20      00     
9625         20      00     
9626         20      00     
9627         20      00     
9628         20      00     
9629         20      00     
9630         20      00     
9648         20      00     
9649         20      00     
9661         20      00     
9662         20      00     
9750         20      00     
9751         20      00     
9752         20      00     
9753         20      00     
9754         20      00     
9755         20      00     
