EXTENSION CATEGORY CODE         
CAT       TRAF      SERV            CDIV          ROC        OFTIME  FDTIME
0         00000000  00000000000000  000000000000  000001     0       0         
1         00000000  00000000000000  000000000000  000001     0       0         
2         00000000  00000000000000  000000000000  000001     0       0         
3         00000000  00000000000000  000000000000  000001     0       0         
4         00000000  00000000000000  000000000000  000001     0       0         
5         00000000  00000000000000  000000000000  000001     0       0         
6         00000000  00000000000000  000000000000  000001     0       0         
7         00000000  00000000000000  000000000000  000001     0       0         
8         00000000  00000000000000  000000000000  000001     0       0         
9         00000000  00000000000000  000000000000  000001     0       0         
10        00000000  00000000000000  000000000000  000001     0       0         
11        00000000  00000000000000  000000000000  000001     0       0         
12        00000000  00000000000000  000000000000  000001     0       0         
13        00000000  00000000000000  000000000000  000001     0       0         
14        00000000  00000000000000  000000000000  000001     0       0         
15        00000000  00000000000000  000000000000  000001     0       0         
16        00000000  00000000000000  000000000000  000001     0       0         
17        00000000  00000000000000  000000000000  000001     0       0         
18        00000000  00000000000000  000000000000  000001     0       0         
19        00000000  00000000000000  000000000000  000001     0       0         
20        00000000  00000000000000  000000000000  000001     0       0         
21        00000000  00000000000000  000000000000  000001     0       0         
22        00000000  00000000000000  000000000000  000001     0       0         
23        00000000  00000000000000  000000000000  000001     0       0         
24        00000000  00000000000000  000000000000  000001     0       0         
25        00000000  00000000000000  000000000000  000001     0       0         
26        00000000  00000000000000  000000000000  000001     0       0         
27        00000000  00000000000000  000000000000  000001     0       0         
28        00000000  00000000000000  000000000000  000001     0       0         
29        00000000  00000000000000  000000000000  000001     0       0         
30        00000000  00000000000000  000000000000  000001     0       0         
31        00000000  00000000000000  000000000000  000001     0       0         
32        00000000  00000000000000  000000000000  000001     0       0         
33        00000000  00000000000000  000000000000  000001     0       0         
34        00000000  00000000000000  000000000000  000001     0       0         
35        00000000  00000000000000  000000000000  000001     0       0         
36        00000000  00000000000000  000000000000  000001     0       0         
37        00000000  00000000000000  000000000000  000001     0       0         
38        00000000  00000000000000  000000000000  000001     0       0         
39        00000000  00000000000000  000000000000  000001     0       0         
40        00000000  00000000000000  000000000000  000001     0       0         
41        00000000  00000000000000  000000000000  000001     0       0         
42        00000000  00000000000000  000000000000  000001     0       0         
43        00000000  00000000000000  000000000000  000001     0       0         
44        00000000  00000000000000  000000000000  000001     0       0         
45        00000000  00000000000000  000000000000  000001     0       0         
46        00000000  00000000000000  000000000000  000001     0       0         
47        00000000  00000000000000  000000000000  000001     0       0         
48        00000000  00000000000000  000000000000  000001     0       0         
49        00000000  00000000000000  000000000000  000001     0       0         
50        00000000  00000000000000  000000000000  000001     0       0         
51        00000000  00000000000000  000000000000  000001     0       0         
52        00000000  00000000000000  000000000000  000001     0       0         
53        00000000  00000000000000  000000000000  000001     0       0         
54        00000000  00000000000000  000000000000  000001     0       0         
55        00000000  00000000000000  000000000000  000001     0       0         
56        00000000  00000000000000  000000000000  000001     0       0         
57        00000000  00000000000000  000000000000  000001     0       0         
58        00000000  00000000000000  000000000000  000001     0       0         
59        00000000  00000000000000  000000000000  000001     0       0         
60        00000000  00000000000000  000000000000  000001     0       0         
61        00000000  00000000000000  000000000000  000001     0       0         
62        00000000  00000000000000  000000000000  000001     0       0         
63        00000000  00000000000000  000000000000  000001     0       0         

END
 
