
Common Service Profile
Csp Cust  Traf       Serv                           Cdiv            Roc    Npres   Offered Forced          CnnLog Csp Name             
                                                                                   Time    DisconnectTime                              
0   0     0100151515 102100011001000000100000000300 110000111000000 000001 0001000 0       0               0      Internal             
1   0     0101151515 102100011001000000100000000300 110000111000000 000001 0001000 0       0               0      Regional             
2   0     0102151515 102100011001000000100000000300 110000111000000 000001 0001000 0       0               0      National             
3   0     0103151515 102100011001000000100000000300 110000111000000 000001 0001000 0       0               0      International        
20  0     0103151515 200033010000000000000000000300 111000001110010 000001 1001000 0       0               0      Solidus              
21  0     1100151515 213132010001000000000000000300 111111001000310 023001 1001000 0       0               0      OneBox               
22  0     0103151515 200132011000000000000000000300 111000001010310 000001 0300000 0       0               0      VM Port              
