GROUP HUNTING DATA              
GRP           LIM    SERV    TRAF   SEL     QUE   RGTIME   CLT   CUST   DIR           MEM STAT
6425          1      1000000 15     010000  5     30       5            
6426          1      1000000 15     010000  5     30       5            
6427          1      1000000 15     010000  5     30       5            
6428          1      1000000 15     010000  5     30       5            
6429          1      1000000 15     010000  5     30       5            
6430          1      1000000 15     010000  5     30       5            
6431          1      1000000 15     010000  5     30       5            
6432          1      1000000 15     010000  5     30       5            
6433          1      1000000 15     010000  5     30       5            
6434          1      1000000 15     010000  5     30       5            
6435          1      1000000 15     010000  5     30       5            
6436          1      1000000 15     010000  5     30       5            
6437          1      1000000 15     010000  5     30       5            
6438          1      1000000 15     010000  5     30       5            
6439          1      1000000 15     010000  5     30       5            
6440          1      1000000 15     010000  5     30       5            
6441          1      1000000 15     010000  5     30       5            
6442          1      1000000 15     010000  5     30       5            
6443          1      1000000 15     010000  5     30       5            
6444          1      1000000 15     010000  5     30       5            
6445          1      1000000 15     010000  5     30       5            
6446          1      1010000 15     010050  0     30       5            
9102          1      1000000 15     010000  5     30       5            
9103          1      1000000 15     010000  5     30       5            
9399          1      1000000 15     011000  0     30       5            8930          FREE
                                                                        8931          FREE
                                                                        8932          FREE
                                                                        8933          FREE
                                                                        8934          FREE
                                                                        8935          FREE
                                                                        8936          FREE
                                                                        8937          FREE
                                                                        8938          FREE
                                                                        8939          FREE
                                                                        8940          FREE
                                                                        8941          FREE
9499          1      1000000 15     011000  0     30       5            8911          FREE
                                                                        8912          FREE
                                                                        8913          FREE
                                                                        8914          FREE
9800          1      1000000 15     010000  5     30       5            

END
 
