
Parallel Ringing List Information
Dir          Secondary Dir   Secondary Dir   Delay        
                                             List         
9110                                         0            
9121                                         0            
9122                                         0            
9123                                         0            
9299                                         0            
9160                                         0            
9178                                         0            
9599                                         0            
9194                                         0            
9196                                         0            
9199                                         0            
9131                                         0            
9115                                         0            
9133                                         0            
9134                                         0            
9135                                         0            
9136                                         0            
9155                                         0            
9156                                         0            
9158                                         0            
9161                                         0            
9166                                         0            
9168                                         0            
9193                                         0            
9195                                         0            
9198                                         0            
9750                                         0            
9169                                         0            
9153                                         0            
9167                                         0            
9130                                         0            
9501                                         0            
9662                                         0            
9173                                         0            
9191                                         0            
9508                                         0            
9506                                         0            
9189                                         0            
9751                                         0            
9755                                         0            
9116                                         0            
9507                                         0            
