EXTERNAL DESTINATION ROUTE DATA
DEST        DRN   ROU   CHO CUST  ADC                          TRC SRT NUMACK PRE
0                 1               1005000000000250000000010000 0   1          
3990              70              1225000000000250002001110000 0   5          
                  1     1         1005000000000250000000000000 0   5          
3991              70              1225000000000250002001110000 0   5          
3992              70              1225000000000250002001110000 0   5          
3995              1               0005000000000250000000010000 0   5          
3996              1               1005000000000250000001110100 0   5          
3999              1               1005000000000250000000000000 0   5          
8960              10              0226000000000250002001000000 0   1          
8964              10              0226000000000250002001000000 0   1          
9000              66              0225000000000250002000000000 0   1          
9100              66              0226000000000250002000000000 0   1          
9151              10              0226000000000250002001000000 0   1          
9190              10              0226000000000250002001010000 0   1          
9220              10              0226000000000250002001010000 0   1          
9450              10              0226000000000250002001000000 0   1          
9498              10              0226000000000250002001000000 0   1          
9500              66              0226000000000250002000000000 0   1          
9520              10              0226000000000250002001000000 0   1          
9550              10              0226000000000250002001000000 0   1          
9570              10              0226000000000250002001000000 0   1          
9600              10              0226000000000250002001000000 0   1          
9620              10              0226000000000250002001000000 0   1          
9660              10              0226000000000250002001000000 0   1          

END
 
