
Transmission matrix data

receiver   =  0  1  2  3  4  5  6  7  8  9 10 11 12 13 14 15 16 17 18 19 20 21 22 23
------------------------------------------------------------------------------------
sender =  0:  6  4  2  2  3  4  2  2  2  2  2  2  2  2  2  2  2  2  2  2  2  2  2  2  
sender =  1:  4  2  2  2  1  2  2  0  2  2  2  2  2  2  2  2  2  2  2  2  2  2  2  2  
sender =  2:  2  2  2  2  2  2  2  2  2  2  2  2  2  2  2  2  2  2  2  2  2  2  2  2  
sender =  3:  2  2  2  2  2  2  2  2  2  2  2  2  2  2  2  2  2  2  2  2  2  2  2  2  
sender =  4:  3  1  2  2  0  1  2  0  2  2  2  2  2  2  2  2  2  2  2  2  2  2  2  2  
sender =  5:  4  2  2  2  1  2  2  0  2  2  2  2  2  2  2  2  2  2  2  2  2  2  2  2  
sender =  6:  2  2  2  2  2  2  2  2  2  2  2  2  2  2  2  2  2  2  2  2  2  2  2  2  
sender =  7:  5  3  2  2  2  3  2  1  2  2  2  2  2  2  2  2  2  2  2  2  2  2  2  2  
sender =  8:  2  2  2  2  2  2  2  2  2  2  2  2  2  2  2  2  2  2  2  2  2  2  2  2  
sender =  9:  2  2  2  2  2  2  2  2  2  2  2  2  2  2  2  2  2  2  2  2  2  2  2  2  
sender = 10:  2  2  2  2  2  2  2  2  2  2  2  2  2  2  2  2  2  2  2  2  2  2  2  2  
sender = 11:  2  2  2  2  2  2  2  2  2  2  2  2  2  2  2  2  2  2  2  2  2  2  2  2  
sender = 12:  2  2  2  2  2  2  2  2  2  2  2  2  2  2  2  2  2  2  2  2  2  2  2  2  
sender = 13:  2  2  2  2  2  2  2  2  2  2  2  2  2  2  2  2  2  2  2  2  2  2  2  2  
sender = 14:  2  2  2  2  2  2  2  2  2  2  2  2  2  2  2  2  2  2  2  2  2  2  2  2  
sender = 15:  2  2  2  2  2  2  2  2  2  2  2  2  2  2  2  2  2  2  2  2  2  2  2  2  
sender = 16:  2  2  2  2  2  2  2  2  2  2  2  2  2  2  2  2  2  2  2  2  2  2  2  2  
sender = 17:  2  2  2  2  2  2  2  2  2  2  2  2  2  2  2  2  2  2  2  2  2  2  2  2  
sender = 18:  2  2  2  2  2  2  2  2  2  2  2  2  2  2  2  2  2  2  2  2  2  2  2  2  
sender = 19:  2  2  2  2  2  2  2  2  2  2  2  2  2  2  2  2  2  2  2  2  2  2  2  2  
sender = 20:  2  2  2  2  2  2  2  2  2  2  2  2  2  2  2  2  2  2  2  2  2  2  2  2  
sender = 21:  2  2  2  2  2  2  2  2  2  2  2  2  2  2  2  2  2  2  2  2  2  2  2  2  
sender = 22:  2  2  2  2  2  2  2  2  2  2  2  2  2  2  2  2  2  2  2  2  2  2  2  2  
sender = 23:  2  2  2  2  2  2  2  2  2  2  2  2  2  2  2  2  2  2  2  2  2  2  2  2  

